0 1 -0.01
1 0 -0.01
0 2 -4.080478632408607
2 0 -4.080478632408607
1 2 -0.4541337952592817
2 1 -0.4541337952592817
1 3 -1.2386477719483902
3 1 -1.2386477719483902
2 3 -3.5807801858407657
3 2 -3.5807801858407657
1 4 -1.3212748005926738
4 1 -1.3212748005926738
3 4 -1.157788601481999
4 3 -1.157788601481999
1 5 -2.09970122986357
5 1 -2.09970122986357
279 298 -2.1107120939149024
298 279 -2.1107120939149024
4 5 -1.2825221966957805
5 4 -1.2825221966957805
102 143 -0.7363889994942034
143 102 -0.7363889994942034
1 6 -0.9549961897509396
6 1 -0.9549961897509396
235 238 -1.444066050721743
238 235 -1.444066050721743
5 6 -3.2344240375575075
6 5 -3.2344240375575075
1 7 -0.01
7 1 -0.01
185 212 -2.3947488198569133
212 185 -2.3947488198569133
235 239 -1.9697705060660353
239 235 -1.9697705060660353
6 7 -5.784194026634463
7 6 -5.784194026634463
168 169 -2.177489230452366
169 168 -2.177489230452366
61 64 -0.508854713403474
64 61 -0.508854713403474
63 64 -1.0476174019631368
64 63 -1.0476174019631368
120 143 -1.1288413002421738
143 120 -1.1288413002421738
36 91 -1.7694309805325181
91 36 -1.7694309805325181
37 91 -0.5575792613105764
91 37 -0.5575792613105764
202 212 -1.9285510118838027
212 202 -1.9285510118838027
204 212 -3.06558887636007
212 204 -3.06558887636007
7 9 -0.1379515221721734
9 7 -0.1379515221721734
8 9 -1.064060644675549
9 8 -1.064060644675549
112 138 -0.8005344126725011
138 112 -0.8005344126725011
7 10 -0.6022886392490796
10 7 -0.6022886392490796
8 10 -0.6763154899792705
10 8 -0.6763154899792705
9 10 -2.1068619998082676
10 9 -2.1068619998082676
94 111 -0.442953651396758
111 94 -0.442953651396758
289 293 -1.3502674082558952
293 289 -1.3502674082558952
6 11 -0.2695347228021411
11 6 -0.2695347228021411
7 11 -1.0360806403181793
11 7 -1.0360806403181793
9 11 -2.9592898113617676
11 9 -2.9592898113617676
110 111 -1.0500456907249807
111 110 -1.0500456907249807
9 12 -1.0614345118933377
12 9 -1.0614345118933377
11 12 -0.7508911720272181
12 11 -0.7508911720272181
70 240 -0.21862371462679853
240 70 -0.21862371462679853
80 91 -0.7529420243812813
91 80 -0.7529420243812813
174 181 -2.3787236329455275
181 174 -2.3787236329455275
51 65 -1.0958657239448346
65 51 -1.0958657239448346
8 13 -2.950662601947796
13 8 -2.950662601947796
88 91 -0.8544279308391873
91 88 -0.8544279308391873
90 91 -0.4711976912073641
91 90 -0.4711976912073641
12 13 -1.7820361922963954
13 12 -1.7820361922963954
61 65 -3.0286909116758856
65 61 -3.0286909116758856
86 240 -0.02
240 86 -0.02
191 192 -2.0901071086977527
192 191 -2.0901071086977527
64 65 -1.5090790741160307
65 64 -1.5090790741160307
8 14 -2.8966381228880618
14 8 -2.8966381228880618
10 14 -0.11719860752926292
14 10 -0.11719860752926292
152 175 -4.758188980433658
175 152 -4.758188980433658
150 157 -2.878402710622784
157 150 -2.878402710622784
151 157 -0.9411285530535167
157 151 -0.9411285530535167
8 15 -0.7745563701996954
15 8 -0.7745563701996954
156 157 -2.9492039057471056
157 156 -2.9492039057471056
13 15 -0.41767386098188214
15 13 -0.41767386098188214
14 15 -0.5817810061721066
15 14 -0.5817810061721066
255 256 -1.6656388733716243
256 255 -1.6656388733716243
28 123 -0.8994360145016667
123 28 -0.8994360145016667
12 16 -1.0511169823222133
16 12 -1.0511169823222133
13 16 -2.134035579603768
16 13 -2.134035579603768
15 16 -0.6121759326643407
16 15 -0.6121759326643407
270 279 -1.7070822951894251
279 270 -1.7070822951894251
67 69 -1.3965199690658852
69 67 -1.3965199690658852
189 222 -2.940911931198353
222 189 -2.940911931198353
278 279 -1.2944693521273487
279 278 -1.2944693521273487
12 17 -1.1355952923520922
17 12 -1.1355952923520922
68 69 -1.3626943524672193
69 68 -1.3626943524672193
242 248 -1.4621841182303428
248 242 -1.4621841182303428
187 212 -0.7074814763810142
212 187 -0.7074814763810142
55 66 -1.6160717346267366
66 55 -1.6160717346267366
56 66 -1.2495749066702821
66 56 -1.2495749066702821
199 222 -1.6431210070543645
222 199 -1.6431210070543645
286 287 -0.5190103034443007
287 286 -0.5190103034443007
60 66 -2.0194032189309574
66 60 -2.0194032189309574
102 144 -0.3027548344703195
144 102 -0.3027548344703195
62 66 -1.3710279728556791
66 62 -1.3710279728556791
104 144 -1.3485550183686335
144 104 -1.3485550183686335
206 222 -2.5903955182067255
222 206 -2.5903955182067255
207 222 -0.7374017904089457
222 207 -0.7374017904089457
167 169 -0.6029213395650681
169 167 -0.6029213395650681
224 231 -1.2868532039845046
231 224 -1.2868532039845046
227 231 -0.02
231 227 -0.02
16 18 -0.4065575263319823
18 16 -0.4065575263319823
17 18 -0.6848794437910249
18 17 -0.6848794437910249
107 129 -2.466107832744325
129 107 -2.466107832744325
217 222 -1.949684187586934
222 217 -1.949684187586934
90 92 -1.2032824700573748
92 90 -1.2032824700573748
91 92 -1.6699544505850936
92 91 -1.6699544505850936
110 112 -1.6458389705217704
112 110 -1.6458389705217704
111 112 -1.5865122374928955
112 111 -1.5865122374928955
15 19 -3.022199279156072
19 15 -3.022199279156072
16 19 -1.1926366239059338
19 16 -1.1926366239059338
18 19 -2.806929356458337
19 18 -2.806929356458337
126 129 -0.19302741966417208
129 126 -0.19302741966417208
127 129 -1.8036563629191975
129 127 -1.8036563629191975
128 129 -0.4729332784972724
129 128 -0.4729332784972724
5 20 -0.5371176435568693
20 5 -0.5371176435568693
6 20 -2.4203891035339087
20 6 -2.4203891035339087
168 170 -0.4936774084365489
170 168 -0.4936774084365489
169 170 -0.9958810700761609
170 169 -0.9958810700761609
143 144 -4.621873869320791
144 143 -4.621873869320791
11 20 -1.395893124260089
20 11 -1.395893124260089
242 253 -1.40067953771332
253 242 -1.40067953771332
249 253 -0.33796605354823117
253 249 -0.33796605354823117
4 21 -0.7729521907893088
21 4 -0.7729521907893088
5 21 -1.690498762505531
21 5 -1.690498762505531
55 67 -0.33177754008948135
67 55 -0.33177754008948135
202 203 -2.197657252352318
203 202 -2.197657252352318
63 67 -3.081415727592578
67 63 -3.081415727592578
64 67 -0.13545456960594635
67 64 -0.13545456960594635
66 67 -1.7023297126280088
67 66 -1.7023297126280088
20 21 -1.108250221840428
21 20 -1.108250221840428
43 277 -1.838226844358252
277 43 -1.838226844358252
190 213 -2.2884321993732075
213 190 -2.2884321993732075
134 158 -1.0059587688245744
158 134 -1.0059587688245744
135 158 -2.591354089560654
158 135 -2.591354089560654
20 22 -1.6885426040935287
22 20 -1.6885426040935287
21 22 -1.6146602316789327
22 21 -1.6146602316789327
204 213 -3.378328355629927
213 204 -3.378328355629927
265 272 -1.3094167171770161
272 265 -1.3094167171770161
171 182 -2.260216851754488
182 171 -2.260216851754488
107 128 -1.301171895393461
128 107 -1.301171895393461
190 215 -0.7633530477139353
215 190 -0.7633530477139353
174 182 -0.4069465175927835
182 174 -0.4069465175927835
176 182 -0.17153533567814191
182 176 -0.17153533567814191
11 23 -1.4154789514966488
23 11 -1.4154789514966488
150 158 -0.0448554796337658
158 150 -0.0448554796337658
139 145 -0.3750988575835888
145 139 -0.3750988575835888
180 182 -3.292137006494819
182 180 -3.292137006494819
181 182 -1.0500677322959504
182 181 -1.0500677322959504
17 23 -0.8762136079043554
23 17 -0.8762136079043554
90 93 -2.5704502385412646
93 90 -2.5704502385412646
20 23 -0.423853077490701
23 20 -0.423853077490701
92 93 -0.33744262916816087
93 92 -0.33744262916816087
22 23 -1.4243455857687395
23 22 -1.4243455857687395
0 24 -0.5037688623231732
24 0 -0.5037688623231732
196 197 -0.023626386928621308
197 196 -0.023626386928621308
2 24 -0.7726058190347276
24 2 -0.7726058190347276
188 193 -1.9426574266493735
193 188 -1.9426574266493735
55 68 -0.5930372950625747
68 55 -0.5930372950625747
190 193 -0.9518064805802445
193 190 -0.9518064805802445
191 193 -0.4127481830353047
193 191 -0.4127481830353047
192 193 -1.479343489985411
193 192 -1.479343489985411
111 113 -1.3867393599015503
113 111 -1.3867393599015503
112 113 -2.050202436684
113 112 -2.050202436684
67 68 -0.955217704743183
68 67 -0.955217704743183
0 25 -0.6029979674367091
25 0 -0.6029979674367091
46 59 -1.1221760358344617
59 46 -1.1221760358344617
228 229 -1.6927969529348585
229 228 -1.6927969529348585
140 143 -0.9663268745025417
143 140 -0.9663268745025417
128 130 -3.8333971836360368
130 128 -3.8333971836360368
129 130 -0.7052024001538402
130 129 -0.7052024001538402
16 17 -1.8200053357331027
17 16 -1.8200053357331027
24 25 -1.8684180248455644
25 24 -1.8684180248455644
93 111 -2.3582585721498552
111 93 -2.3582585721498552
142 143 -1.9220585864062465
143 142 -1.9220585864062465
35 38 -1.355451019168319
38 35 -1.355451019168319
86 241 -1.7049120999091274
241 86 -1.7049120999091274
161 223 -0.6872720597800537
223 161 -0.6872720597800537
70 87 -0.5025583187047307
87 70 -0.5025583187047307
140 145 -3.492503270220583
145 140 -3.492503270220583
143 145 -0.17921040624695977
145 143 -0.17921040624695977
144 145 -1.389732021558436
145 144 -1.389732021558436
37 38 -0.9442936974923275
38 37 -0.9442936974923275
24 26 -2.897156720964289
26 24 -2.897156720964289
25 26 -0.532393968342281
26 25 -0.532393968342281
266 270 -1.641620738561882
270 266 -1.641620738561882
165 171 -0.49675516252211716
171 165 -0.49675516252211716
166 171 -0.9174386475424201
171 166 -0.9174386475424201
167 171 -0.22339769698672596
171 167 -0.22339769698672596
92 94 -1.9185766696056172
94 92 -1.9185766696056172
93 94 -1.3158788398262906
94 93 -1.3158788398262906
269 270 -2.094112358881533
270 269 -2.094112358881533
223 280 -0.20315576582292127
280 223 -0.20315576582292127
15 295 -0.18593507083097122
295 15 -0.18593507083097122
291 298 -0.8635867368118891
298 291 -0.8635867368118891
24 27 -0.3414648280379636
27 24 -0.3414648280379636
26 27 -1.010431221763699
27 26 -1.010431221763699
254 257 -2.116932196863762
257 254 -2.116932196863762
255 257 -1.3524057333682975
257 255 -1.3524057333682975
256 257 -0.26246842928014896
257 256 -0.26246842928014896
94 114 -3.095927573365062
114 94 -3.095927573365062
236 249 -0.6434491095798752
249 236 -0.6434491095798752
224 232 -0.49718356954710097
232 224 -0.49718356954710097
225 232 -1.6034601078321744
232 225 -1.6034601078321744
163 199 -0.626736840416771
199 163 -0.626736840416771
24 28 -0.38562815134461725
28 24 -0.38562815134461725
231 232 -0.8051931782373581
232 231 -0.8051931782373581
27 28 -2.9467738699043347
28 27 -2.9467738699043347
134 159 -1.0706332012240098
159 134 -1.0706332012240098
111 114 -0.9256656869224584
114 111 -0.9256656869224584
3 29 -0.1880242442389242
29 3 -0.1880242442389242
113 114 -1.6585400364057676
114 113 -1.6585400364057676
190 204 -0.6489061901791893
204 190 -0.6489061901791893
278 280 -1.1594233528336597
280 278 -1.1594233528336597
202 204 -0.3488105402785007
204 202 -0.3488105402785007
203 204 -1.4769970103108208
204 203 -1.4769970103108208
24 29 -2.12062830562781
29 24 -2.12062830562781
108 131 -0.7693670128012815
131 108 -0.7693670128012815
67 70 -0.21615399237381583
70 67 -0.21615399237381583
69 70 -3.3467659329877364
70 69 -3.3467659329877364
3 30 -2.847241413735211
30 3 -2.847241413735211
189 217 -2.7288583128855324
217 189 -2.7288583128855324
223 285 -2.1342946450106117
285 223 -2.1342946450106117
215 216 -1.7648493499324835
216 215 -1.7648493499324835
180 183 -1.1321091222265558
183 180 -1.1321091222265558
181 183 -3.5273787648043573
183 181 -3.5273787648043573
128 131 -0.6467676877399453
131 128 -0.6467676877399453
130 131 -0.29393575544701467
131 130 -0.29393575544701467
193 214 -0.47575625239714087
214 193 -0.47575625239714087
92 95 -0.8501498321979803
95 92 -0.8501498321979803
94 95 -1.1506162714298585
95 94 -1.1506162714298585
178 194 -1.6969559224119117
194 178 -1.6969559224119117
3 31 -0.4096484993275723
31 3 -0.4096484993275723
180 194 -2.8647646321303277
194 180 -2.8647646321303277
183 194 -0.2594943908520737
194 183 -0.2594943908520737
43 274 -0.10212323421386535
274 43 -0.10212323421386535
226 241 -0.29362811975211195
241 226 -0.29362811975211195
227 241 -1.9292246018441606
241 227 -1.9292246018441606
188 194 -0.819150115260062
194 188 -0.819150115260062
230 241 -0.29435185819184934
241 230 -0.29435185819184934
192 194 -1.990592870767571
194 192 -1.990592870767571
193 194 -0.7657939145948329
194 193 -0.7657939145948329
18 271 -0.6676516220725239
271 18 -0.6676516220725239
234 235 -1.8950706205125543
235 234 -1.8950706205125543
240 241 -1.1537789042151965
241 240 -1.1537789042151965
144 146 -0.2287753964238269
146 144 -0.2287753964238269
145 146 -2.4113677296838256
146 145 -2.4113677296838256
29 31 -3.0985200250146914
31 29 -3.0985200250146914
107 108 -0.02
108 107 -0.02
289 292 -1.4062465065608456
292 289 -1.4062465065608456
179 199 -1.3663360463110468
199 179 -1.3663360463110468
74 79 -4.054798902206096
79 74 -4.054798902206096
64 71 -2.441828448082283
71 64 -2.441828448082283
67 71 -2.045431510358145
71 67 -2.045431510358145
94 115 -0.44585055617065056
115 94 -0.44585055617065056
95 115 -2.6514690971642563
115 95 -2.6514690971642563
70 71 -1.7122551769791468
71 70 -1.7122551769791468
281 283 -1.4980790852445074
283 281 -1.4980790852445074
251 269 -0.7996894368623628
269 251 -0.7996894368623628
180 181 -0.37066324408277845
181 180 -0.37066324408277845
183 192 -2.7498323078655833
192 183 -2.7498323078655833
28 32 -2.8961400937357684
32 28 -2.8961400937357684
114 115 -0.7807267491610899
115 114 -0.7807267491610899
31 32 -0.5671559892587794
32 31 -0.5671559892587794
265 273 -1.4850853345921247
273 265 -1.4850853345921247
268 273 -0.66049857892038
273 268 -0.66049857892038
165 172 -0.5493316035728065
172 165 -0.5493316035728065
272 273 -0.4199642129300986
273 272 -0.4199642129300986
95 96 -2.1950557054715243
96 95 -2.1950557054715243
158 159 -0.8291079879774317
159 158 -0.8291079879774317
171 172 -2.7406466435542454
172 171 -2.7406466435542454
37 72 -0.5258279275329086
72 37 -0.5258279275329086
207 217 -2.4621835381095862
217 207 -2.4621835381095862
92 96 -0.29929564345368864
96 92 -0.29929564345368864
28 29 -0.788595854777453
29 28 -0.788595854777453
167 176 -4.3623573614082245
176 167 -4.3623573614082245
31 33 -0.7322714987350604
33 31 -0.7322714987350604
32 33 -2.254183836032441
33 32 -2.254183836032441
55 72 -0.6675069398132629
72 55 -0.6675069398132629
113 138 -0.8837687852055687
138 113 -0.8837687852055687
9 13 -0.7983759697247752
13 9 -0.7983759697247752
87 240 -5.303363508724313
240 87 -5.303363508724313
68 72 -2.006477592874507
72 68 -2.006477592874507
126 132 -1.7003397210830684
132 126 -1.7003397210830684
129 132 -3.5020684007540224
132 129 -3.5020684007540224
130 132 -0.15452059652041514
132 130 -0.15452059652041514
48 274 -0.47138219952730054
274 48 -0.47138219952730054
4 30 -1.9002296539306176
30 4 -1.9002296539306176
156 160 -0.2590659012351947
160 156 -0.2590659012351947
157 160 -0.5639272164946605
160 157 -0.5639272164946605
158 160 -2.420067330985356
160 158 -2.420067330985356
30 34 -0.5949249310241119
34 30 -0.5949249310241119
31 34 -1.941161960512946
34 31 -1.941161960512946
208 209 -0.35309677442855164
209 208 -0.35309677442855164
33 34 -0.8628271105995579
34 33 -0.8628271105995579
104 147 -0.02
147 104 -0.02
116 119 -0.7605810435879528
119 116 -0.7605810435879528
4 35 -0.02
35 4 -0.02
202 224 -0.712166513034846
224 202 -0.712166513034846
211 233 -0.4655850968308588
233 211 -0.4655850968308588
37 73 -2.0149176015716783
73 37 -2.0149176015716783
38 73 -2.26192141922449
73 38 -2.26192141922449
30 35 -1.48524956156875
35 30 -1.48524956156875
225 233 -1.0781368222953387
233 225 -1.0781368222953387
22 54 -1.2012496383197813
54 22 -1.2012496383197813
55 73 -2.24395888242563
73 55 -2.24395888242563
232 233 -0.7552330557683458
233 232 -0.7552330557683458
146 147 -1.751041578291919
147 146 -1.751041578291919
113 116 -1.2840907275401263
116 113 -1.2840907275401263
80 97 -1.618671621585999
97 80 -1.618671621585999
115 116 -1.744912530961927
116 115 -1.744912530961927
257 258 -0.8393020110280598
258 257 -0.8393020110280598
34 88 -0.8008784372883737
88 34 -0.8008784372883737
290 295 -1.6060657259399949
295 290 -1.6060657259399949
116 136 -1.0368938104446754
136 116 -1.0368938104446754
261 276 -1.1767638697678962
276 261 -1.1767638697678962
91 97 -1.0547979575726218
97 91 -1.0547979575726218
72 73 -1.587986119493905
73 72 -1.587986119493905
285 288 -0.47490624195284836
288 285 -0.47490624195284836
249 250 -2.2768003732469313
250 249 -2.2768003732469313
287 288 -0.624545527987591
288 287 -0.624545527987591
96 97 -1.6930036631220322
97 96 -1.6930036631220322
188 214 -0.9105313554066954
214 188 -0.9105313554066954
177 195 -0.4411166151575329
195 177 -0.4411166151575329
179 195 -0.47325067131127835
195 179 -0.47325067131127835
34 36 -1.9747967614722621
36 34 -1.9747967614722621
35 36 -0.5459674876070741
36 35 -0.5459674876070741
239 281 -0.5937197436228091
281 239 -0.5937197436228091
18 296 -0.40356828804353545
296 18 -0.40356828804353545
19 296 -1.2562712494207209
296 19 -1.2562712494207209
213 215 -1.4210696334430508
215 213 -1.4210696334430508
214 215 -1.261565391827747
215 214 -1.261565391827747
261 274 -1.697593104892309
274 261 -1.697593104892309
265 266 -1.4977340516301152
266 265 -1.4977340516301152
153 173 -0.6389699828744466
173 153 -0.6389699828744466
35 37 -0.8506109321556129
37 35 -0.8506109321556129
36 37 -1.8794374757120353
37 36 -1.8794374757120353
278 281 -1.9029578684956543
281 278 -1.9029578684956543
280 281 -2.8030986998426766
281 280 -2.8030986998426766
124 133 -0.01
133 124 -0.01
125 133 -2.6663938082056955
133 125 -2.6663938082056955
126 133 -1.8298444356395331
133 126 -1.8298444356395331
171 173 -0.05032132138359907
173 171 -0.05032132138359907
172 173 -0.6727016828765419
173 172 -0.6727016828765419
132 133 -0.178926916219485
133 132 -0.178926916219485
68 74 -1.709824235091492
74 68 -1.709824235091492
240 242 -1.2337850166950775
242 240 -1.2337850166950775
80 98 -0.5050154767381954
98 80 -0.5050154767381954
81 98 -1.321420261926552
98 81 -1.321420261926552
103 185 -1.3178782933742643
185 103 -1.3178782933742643
104 185 -4.821544838961163
185 104 -4.821544838961163
4 39 -1.212370828336109
39 4 -1.212370828336109
246 249 -0.5868717496193135
249 246 -0.5868717496193135
33 121 -0.35407333188991685
121 33 -0.35407333188991685
113 136 -0.49682435315545415
136 113 -0.49682435315545415
96 98 -0.7058845269954872
98 96 -0.7058845269954872
97 98 -2.0618484976191915
98 97 -2.0618484976191915
115 117 -1.4491082484840483
117 115 -1.4491082484840483
116 117 -1.4173981301981564
117 116 -1.4173981301981564
21 39 -2.1047733885063247
39 21 -2.1047733885063247
35 39 -2.2612854672218274
39 35 -2.2612854672218274
139 148 -3.310303864627243
148 139 -3.310303864627243
38 39 -0.7650052421821096
39 38 -0.7650052421821096
145 148 -1.0314789843176175
148 145 -1.0314789843176175
146 148 -0.3991317653911368
148 146 -0.3991317653911368
269 283 -2.1957572649330697
283 269 -2.1957572649330697
223 284 -3.0684821533497644
284 223 -3.0684821533497644
68 75 -0.9237689066899237
75 68 -0.9237689066899237
69 75 -1.456465757873398
75 69 -1.456465757873398
17 40 -1.5891746361355223
40 17 -1.5891746361355223
18 40 -0.5349607427067328
40 18 -0.5349607427067328
74 75 -0.8512220461589426
75 74 -0.8512220461589426
273 274 -0.341596002274738
274 273 -0.341596002274738
184 185 -0.7402455557591886
185 184 -0.7402455557591886
202 225 -1.6736527343707261
225 202 -1.6736527343707261
199 206 -0.9751640055799095
206 199 -0.9751640055799095
81 99 -1.8081403195690338
99 81 -1.8081403195690338
17 41 -1.181877255434356
41 17 -1.181877255434356
84 99 -3.2912526832867894
99 84 -3.2912526832867894
205 206 -0.7469970393694682
206 205 -0.7469970393694682
23 41 -0.3989040922011902
41 23 -0.3989040922011902
169 196 -0.4979204862283322
196 169 -0.4979204862283322
224 225 -2.10284977769898
225 224 -2.10284977769898
132 134 -2.792666963670938
134 132 -2.792666963670938
133 134 -0.4618772099167452
134 133 -0.4618772099167452
98 99 -1.7793812383192091
99 98 -1.7793812383192091
95 118 -1.4824689061174467
118 95 -1.4824689061174467
177 196 -0.4720960185757985
196 177 -0.4720960185757985
48 275 -1.2455373468622903
275 48 -1.2455373468622903
101 118 -3.1634131013519453
118 101 -3.1634131013519453
51 275 -0.6812451845039549
275 51 -0.6812451845039549
52 275 -1.7091937833538422
275 52 -1.7091937833538422
232 234 -0.7755798140587383
234 232 -0.7755798140587383
233 234 -0.548390064612628
234 233 -0.548390064612628
195 196 -3.413867330443623
196 195 -3.413867330443623
115 118 -0.7497811559318992
118 115 -0.7497811559318992
74 76 -1.0195178322489196
76 74 -1.0195178322489196
75 76 -1.4601038193074063
76 75 -1.4601038193074063
171 174 -1.3509181043866967
174 171 -1.3509181043866967
173 174 -1.8865828931913926
174 173 -1.8865828931913926
240 248 -0.3682174995533801
248 240 -0.3682174995533801
249 259 -3.710874460887651
259 249 -3.710874460887651
279 291 -3.187814395331473
291 279 -3.187814395331473
254 259 -1.3137244589513952
259 254 -1.3137244589513952
257 259 -1.0685054709410098
259 257 -1.0685054709410098
40 42 -2.7612786686776865
42 40 -2.7612786686776865
41 42 -0.3349007811186907
42 41 -0.3349007811186907
249 251 -0.8467947381687458
251 249 -0.8467947381687458
250 251 -2.2334492910583927
251 250 -2.2334492910583927
214 216 -1.654019558271365
216 214 -1.654019558271365
243 248 -1.490430832840346
248 243 -1.490430832840346
244 248 -1.3504721582273829
248 244 -1.3504721582273829
161 162 -2.853821717027454
162 161 -2.853821717027454
130 149 -0.6440638184047134
149 130 -0.6440638184047134
131 149 -3.1799403092473186
149 131 -3.1799403092473186
245 248 -0.8190393124189548
248 245 -0.8190393124189548
135 149 -0.3502021288331271
149 135 -0.3502021288331271
30 31 -1.2402867050577842
31 30 -1.2402867050577842
104 186 -1.3989903052709907
186 104 -1.3989903052709907
272 289 -1.3813007848296182
289 272 -1.3813007848296182
223 282 -1.5821780650437929
282 223 -1.5821780650437929
148 149 -0.16491119677070956
149 148 -0.16491119677070956
86 226 -6.182819650848186
226 86 -6.182819650848186
84 100 -0.16900590646795696
100 84 -0.16900590646795696
85 100 -1.2189072697817063
100 85 -1.2189072697817063
290 296 -1.0344339519828716
296 290 -1.0344339519828716
40 43 -1.8306155332883427
43 40 -1.8306155332883427
249 267 -0.2908300686736802
267 249 -0.2908300686736802
42 43 -0.13154380417585948
43 42 -0.13154380417585948
251 267 -1.4481532706913236
267 251 -1.4481532706913236
295 296 -2.0985688992692615
296 295 -2.0985688992692615
96 100 -1.1333770892781314
100 96 -1.1333770892781314
98 100 -1.3600066781548643
100 98 -1.3600066781548643
75 77 -1.3008245024712284
77 75 -1.3008245024712284
76 77 -2.712261665630255
77 76 -2.712261665630255
263 267 -1.3901182412852549
267 263 -1.3901182412852549
264 267 -0.02
267 264 -0.02
265 267 -0.8916587239230526
267 265 -0.8916587239230526
63 66 -0.948627260087281
66 63 -0.948627260087281
144 147 -2.407934011711913
147 144 -2.407934011711913
64 260 -0.4885061028316836
260 64 -0.4885061028316836
65 260 -2.961387124419965
260 65 -2.961387124419965
64 252 -1.1413396301120686
252 64 -1.1413396301120686
241 243 -0.475792242131576
243 241 -0.475792242131576
262 264 -1.090208208202715
264 262 -1.090208208202715
41 44 -2.318720931090599
44 41 -2.318720931090599
51 260 -0.6769985585532619
260 51 -0.6769985585532619
101 119 -0.6675402671962716
119 101 -0.6675402671962716
263 264 -5.009861670276572
264 263 -5.009861670276572
130 135 -4.715236995451428
135 130 -4.715236995451428
132 135 -1.0815837860538158
135 132 -1.0815837860538158
134 135 -0.0869370268563208
135 134 -0.0869370268563208
42 44 -1.1527322928790744
44 42 -1.1527322928790744
280 282 -3.575475822826397
282 280 -3.575475822826397
170 196 -1.197524815713134
196 170 -1.197524815713134
117 119 -2.266511637289198
119 117 -2.266511637289198
174 186 -0.20718656130011587
186 174 -0.20718656130011587
175 186 -2.4287136184821265
186 175 -2.4287136184821265
181 186 -1.3905516653376337
186 181 -1.3905516653376337
184 187 -1.1163896113783354
187 184 -1.1163896113783354
184 186 -4.658544959296916
186 184 -4.658544959296916
185 186 -0.27315723948207615
186 185 -0.27315723948207615
229 231 -1.8509604351751818
231 229 -1.8509604351751818
69 78 -1.2486748843066104
78 69 -1.2486748843066104
70 78 -0.2103962315410727
78 70 -0.2103962315410727
230 231 -2.7381595922626536
231 230 -2.7381595922626536
75 78 -0.38217779029235255
78 75 -0.38217779029235255
41 45 -0.7053073479721554
45 41 -0.7053073479721554
77 78 -2.988232017866112
78 77 -2.988232017866112
44 45 -0.992509918584281
45 44 -0.992509918584281
96 118 -0.3338042503272735
118 96 -0.3338042503272735
18 43 -1.3939027136908835
43 18 -1.3939027136908835
205 211 -2.608412901630768
211 205 -2.608412901630768
153 175 -0.9864202364260305
175 153 -0.9864202364260305
205 207 -1.38946461036563
207 205 -1.38946461036563
206 207 -1.1736322658636018
207 206 -1.1736322658636018
96 101 -1.9233734606229484
101 96 -1.9233734606229484
100 101 -0.7602317544992625
101 100 -0.7602317544992625
173 175 -0.4886012106750466
175 173 -0.4886012106750466
174 175 -1.7867543029295643
175 174 -1.7867543029295643
40 41 -1.632370426944135
41 40 -1.632370426944135
256 275 -1.164020934995281
275 256 -1.164020934995281
195 197 -0.6177880289663904
197 195 -0.6177880289663904
135 150 -0.7856315066652808
150 135 -0.7856315066652808
261 275 -1.1269768300537466
275 261 -1.1269768300537466
161 163 -0.35389394066814506
163 161 -0.35389394066814506
162 163 -0.37757802537973695
163 162 -0.37757802537973695
44 46 -1.669396966060968
46 44 -1.669396966060968
45 46 -4.42455127507653
46 45 -4.42455127507653
148 150 -1.1086877027406852
150 148 -1.1086877027406852
149 150 -4.287484707660877
150 149 -4.287484707660877
274 275 -1.6217486060954498
275 274 -1.6217486060954498
109 112 -1.9494610757593205
112 109 -1.9494610757593205
205 237 -0.3371729935597629
237 205 -0.3371729935597629
101 120 -0.6991584489717512
120 101 -0.6991584489717512
102 120 -1.706215786010535
120 102 -1.706215786010535
68 79 -0.5115013878735286
79 68 -0.5115013878735286
29 32 -0.6817737221003692
32 29 -0.6817737221003692
233 235 -1.7361635017595276
235 233 -1.7361635017595276
72 79 -1.6330222247205315
79 72 -1.6330222247205315
119 136 -0.9232989222680932
136 119 -0.9232989222680932
238 239 -0.8143100240138499
239 238 -0.8143100240138499
119 120 -2.368840160038186
120 119 -2.368840160038186
42 47 -1.7379781436181188
47 42 -1.7379781436181188
44 47 -1.198097910955028
47 44 -1.198097910955028
46 47 -0.5174885875325606
47 46 -0.5174885875325606
15 296 -0.5997280911485013
296 15 -0.5997280911485013
291 293 -7.4789632857285895
293 291 -7.4789632857285895
267 268 -1.0837989871847706
268 267 -1.0837989871847706
258 267 -0.5750013271406956
267 258 -0.5750013271406956
32 121 -1.132003532939518
121 32 -1.132003532939518
37 80 -0.775979199060918
80 37 -0.775979199060918
252 260 -1.3473217008045555
260 252 -1.3473217008045555
100 102 -0.02
102 100 -0.02
101 102 -2.3949098043764527
102 101 -2.3949098043764527
255 260 -1.6474032669354575
260 255 -1.6474032669354575
256 260 -0.7030190005655699
260 256 -0.7030190005655699
272 290 -1.2240832757302011
290 272 -1.2240832757302011
117 118 -3.3620553003357005
118 117 -3.3620553003357005
271 273 -1.1672769690937688
273 271 -1.1672769690937688
42 48 -0.43351727819331853
48 42 -0.43351727819331853
43 48 -3.4700939865760834
48 43 -3.4700939865760834
72 80 -1.7006452861092198
80 72 -1.7006452861092198
79 80 -1.8208185291248282
80 79 -1.8208185291248282
185 187 -1.7356585532748139
187 185 -1.7356585532748139
47 49 -1.0855507607917998
49 47 -1.0855507607917998
51 61 -0.5804029490856051
61 51 -0.5804029490856051
89 121 -2.147710042732606
121 89 -2.147710042732606
161 208 -1.1372041705356009
208 161 -1.1372041705356009
163 208 -2.160049043827951
208 163 -2.160049043827951
235 283 -0.5610084366924745
283 235 -0.5610084366924745
240 244 -2.9995442841937967
244 240 -2.9995442841937967
241 244 -2.1779313880872087
244 241 -2.1779313880872087
271 290 -1.153777508173628
290 271 -1.153777508173628
243 244 -2.6634335906872915
244 243 -2.6634335906872915
42 49 -1.6392528068522123
49 42 -1.6392528068522123
105 121 -1.4916695749228235
121 105 -1.4916695749228235
64 253 -0.10713541797443385
253 64 -0.10713541797443385
107 121 -0.4208787693304777
121 107 -0.4208787693304777
48 49 -1.2508424006998944
49 48 -1.2508424006998944
234 283 -0.830666272334594
283 234 -0.830666272334594
264 268 -4.436692621444405
268 264 -4.436692621444405
265 268 -2.936710180127651
268 265 -2.936710180127651
70 253 -0.20606056013794838
253 70 -0.20606056013794838
71 253 -2.0430349795847222
253 71 -2.0430349795847222
239 283 -1.1941990614472027
283 239 -1.1941990614472027
146 151 -1.340426368310887
151 146 -1.340426368310887
169 176 -0.34364718834688696
176 169 -0.34364718834688696
163 198 -1.9075755787620188
198 163 -1.9075755787620188
150 151 -0.23979973159200763
151 150 -0.23979973159200763
289 297 -3.3317714205164597
297 289 -3.3317714205164597
290 297 -1.315495068962708
297 290 -1.315495068962708
234 251 -0.9389010235868469
251 234 -0.9389010235868469
293 297 -0.01
297 293 -0.01
85 103 -1.516512796441125
103 85 -1.516512796441125
86 103 -0.02
103 86 -0.02
199 208 -0.4233581356315691
208 199 -0.4233581356315691
60 62 -1.3631126699421823
62 60 -1.3631126699421823
206 208 -1.4870100542549958
208 206 -1.4870100542549958
148 151 -2.243581191284611
151 148 -2.243581191284611
100 103 -4.876048280241604
103 100 -4.876048280241604
102 103 -1.315191477056136
103 102 -1.315191477056136
136 137 -0.8458691610673582
137 136 -0.8458691610673582
289 290 -0.6406607580114673
290 289 -0.6406607580114673
28 122 -0.45991921235283495
122 28 -0.45991921235283495
195 198 -1.2895491413805846
198 195 -1.2895491413805846
197 198 -5.242205170268386
198 197 -5.242205170268386
32 122 -0.3740520325443464
122 32 -0.3740520325443464
79 81 -2.539427049515512
81 79 -2.539427049515512
80 81 -0.8045885732273879
81 80 -0.8045885732273879
49 50 -1.24403606614712
50 49 -1.24403606614712
266 267 -1.2040423908442692
267 266 -1.2040423908442692
209 238 -1.927819537934075
238 209 -1.927819537934075
280 298 -1.2531184324918019
298 280 -1.2531184324918019
226 227 -3.391149897770248
227 226 -3.391149897770248
70 242 -3.573244542015781
242 70 -3.573244542015781
251 283 -1.349208464982957
283 251 -1.349208464982957
258 259 -5.855583237182512
259 258 -5.855583237182512
188 218 -0.9431957970003912
218 188 -0.9431957970003912
189 218 -0.8227179222651078
218 189 -0.8227179222651078
295 297 -1.0400542861542301
297 295 -1.0400542861542301
49 51 -0.6295418022163672
51 49 -0.6295418022163672
50 51 -0.9181399852829348
51 50 -0.9181399852829348
207 218 -1.7703077144882684
218 207 -1.7703077144882684
232 236 -1.7203973697959725
236 232 -1.7203973697959725
214 218 -1.8537836410504562
218 214 -1.8537836410504562
234 236 -0.5276701831734799
236 234 -0.5276701831734799
217 218 -1.867550323116811
218 217 -1.867550323116811
107 122 -0.6318676805379947
122 107 -0.6318676805379947
74 82 -1.9684001394382826
82 74 -1.9684001394382826
76 82 -4.601112456036949
82 76 -4.601112456036949
264 276 -1.675891236382507
276 264 -1.675891236382507
79 82 -0.02
82 79 -0.02
81 82 -2.628495458839196
82 81 -2.628495458839196
121 122 -2.152232765330389
122 121 -2.152232765330389
273 276 -2.3256797583381417
276 273 -2.3256797583381417
274 276 -1.150128063218684
276 274 -1.150128063218684
102 104 -4.688755748139004
104 102 -4.688755748139004
103 104 -0.02
104 103 -0.02
108 138 -0.868651058773893
138 108 -0.868651058773893
109 138 -0.4491588917576509
138 109 -0.4491588917576509
178 188 -1.3103811609412532
188 178 -1.3103811609412532
54 56 -0.3487175173660755
56 54 -0.3487175173660755
48 52 -2.720555903964767
52 48 -2.720555903964767
49 52 -1.7740080638827225
52 49 -1.7740080638827225
51 52 -1.856892084475141
52 51 -1.856892084475141
18 277 -0.5424922619295393
277 18 -0.5424922619295393
147 152 -4.706688882874787
152 147 -4.706688882874787
27 123 -1.3243797734930125
123 27 -1.3243797734930125
131 137 -1.7065015060706918
137 131 -1.7065015060706918
131 138 -1.3494355237472133
138 131 -1.3494355237472133
120 142 -1.6985619507396854
142 120 -1.6985619507396854
136 138 -1.8440335083977977
138 136 -1.8440335083977977
137 138 -0.7180479763796547
138 137 -0.7180479763796547
22 53 -1.511824924993638
53 22 -1.511824924993638
23 53 -1.2831725065112807
53 23 -1.2831725065112807
246 253 -0.9516362588330344
253 246 -0.9516362588330344
103 228 -4.93388356506804
228 103 -4.93388356506804
164 165 -0.3426432815744379
165 164 -0.3426432815744379
50 62 -1.6286762479278445
62 50 -1.6286762479278445
169 177 -4.438963029859917
177 169 -4.438963029859917
252 253 -3.0626400175318196
253 252 -3.0626400175318196
176 177 -0.6002359370468826
177 176 -0.6002359370468826
161 209 -2.2632533778854924
209 161 -2.2632533778854924
256 261 -0.9025394392979851
261 256 -0.9025394392979851
41 53 -1.4743207664592137
53 41 -1.4743207664592137
45 53 -2.9724348714429967
53 45 -2.9724348714429967
76 83 -0.47061626254472505
83 76 -0.47061626254472505
77 83 -2.156279614922327
83 77 -2.156279614922327
78 83 -1.1492319731943463
83 78 -1.1492319731943463
161 284 -0.5919731883773647
284 161 -0.5919731883773647
82 83 -0.3004999167101903
83 82 -0.3004999167101903
83 85 -0.2930663355177774
85 83 -0.2930663355177774
271 296 -1.865382534575253
296 271 -1.865382534575253
230 245 -1.932093184975607
245 230 -1.932093184975607
21 54 -0.22706750899083541
54 21 -0.22706750899083541
89 105 -1.4285904886484821
105 89 -1.4285904886484821
90 105 -0.02
105 90 -0.02
139 149 -0.8987602870864251
149 139 -0.8987602870864251
93 105 -0.7544375648932096
105 93 -0.7544375648932096
189 199 -0.02
199 189 -0.02
243 245 -1.0683171707345362
245 243 -1.0683171707345362
195 199 -2.5156682367122336
199 195 -2.5156682367122336
198 199 -1.1455967733215098
199 198 -1.1455967733215098
38 54 -1.4526588685270598
54 38 -1.4526588685270598
39 54 -1.4495914666230496
54 39 -1.4495914666230496
278 283 -0.02
283 278 -0.02
61 62 -1.630991011234346
62 61 -1.630991011234346
45 54 -0.9862836239111259
54 45 -0.9862836239111259
46 54 -0.02
54 46 -0.02
122 123 -2.189223279092486
123 122 -2.189223279092486
209 284 -0.7281416744152007
284 209 -0.7281416744152007
53 54 -0.9228969099226266
54 53 -0.9228969099226266
185 228 -0.02
228 185 -0.02
47 50 -0.9268193134801384
50 47 -0.9268193134801384
136 142 -0.40838779869665875
142 136 -0.40838779869665875
246 248 -0.9336647893403194
248 246 -0.9336647893403194
267 269 -1.46708772258964
269 267 -1.46708772258964
159 160 -0.4564646279260896
160 159 -0.4564646279260896
202 228 -1.0995920492621722
228 202 -1.0995920492621722
27 124 -0.06276421127231475
124 27 -0.06276421127231475
239 284 -1.950772103809041
284 239 -1.950772103809041
212 228 -0.7723375811734916
228 212 -0.7723375811734916
81 84 -0.02
84 81 -0.02
82 84 -1.8207432224374427
84 82 -1.8207432224374427
83 84 -1.9608083436521597
84 83 -1.9608083436521597
38 55 -0.8556627175140007
55 38 -0.8556627175140007
289 291 -0.14497031434414118
291 289 -0.14497031434414118
167 182 -1.0890811937751146
182 167 -1.0890811937751146
224 228 -1.3669854945123407
228 224 -1.3669854945123407
282 298 -0.4581470349289783
298 282 -0.4581470349289783
226 228 -1.2141939335019116
228 226 -1.2141939335019116
227 228 -0.1669859421747048
228 227 -0.1669859421747048
131 139 -0.33982846399503486
139 131 -0.33982846399503486
288 298 -0.01
298 288 -0.01
147 153 -1.010347452336189
153 147 -1.010347452336189
137 139 -2.835059445453023
139 137 -2.835059445453023
293 298 -0.01
298 293 -0.01
54 55 -0.25105189993806576
55 54 -0.25105189993806576
152 153 -0.29418844851129683
153 152 -0.29418844851129683
202 237 -0.3116990654697008
237 202 -0.3116990654697008
203 237 -0.848865333432654
237 203 -0.848865333432654
203 219 -2.6888020059544258
219 203 -2.6888020059544258
204 219 -0.7790541035085276
219 204 -0.7790541035085276
266 272 -1.4169263994441885
272 266 -1.4169263994441885
190 212 -0.6534631696960903
212 190 -0.6534631696960903
211 237 -1.1948609657723928
237 211 -1.1948609657723928
280 284 -0.39471066837767693
284 280 -0.39471066837767693
281 284 -1.2425713713873885
284 281 -1.2425713713873885
213 219 -1.4568410835531016
219 213 -1.4568410835531016
215 219 -1.7215632411921655
219 215 -1.7215632411921655
216 219 -0.7379276156615859
219 216 -0.7379276156615859
178 189 -0.736934732841081
189 178 -0.736934732841081
179 189 -2.714758232228279
189 179 -2.714758232228279
220 237 -1.9187858313871025
237 220 -1.9187858313871025
225 237 -1.1297910484158913
237 225 -1.1297910484158913
188 189 -1.088117212749976
189 188 -1.088117212749976
164 166 -1.2272605611802403
166 164 -1.2272605611802403
165 166 -2.3529360227545655
166 165 -2.3529360227545655
105 106 -2.657029984964933
106 105 -2.657029984964933
233 237 -1.683802167897582
237 233 -1.683802167897582
271 272 -0.8533301538695428
272 271 -0.8533301538695428
108 128 -2.9796084771412668
128 108 -2.9796084771412668
12 23 -1.1968994445301953
23 12 -1.1968994445301953
176 178 -3.2155396794661875
178 176 -3.2155396794661875
177 178 -0.31185692461416964
178 177 -0.31185692461416964
55 56 -3.70434345125338
56 55 -3.70434345125338
47 59 -1.483076874049559
59 47 -1.483076874049559
123 124 -1.3438141154361092
124 123 -1.3438141154361092
84 85 -3.301461488310421
85 84 -3.301461488310421
271 277 -1.6000284021886908
277 271 -1.6000284021886908
14 294 -0.4974130912102238
294 14 -0.4974130912102238
103 226 -1.5587333512805763
226 103 -1.5587333512805763
99 100 -1.733382350812227
100 99 -1.733382350812227
259 267 -0.31222952797786585
267 259 -0.31222952797786585
162 200 -1.2821203058077741
200 162 -1.2821203058077741
163 200 -2.834692332363935
200 163 -2.834692332363935
157 158 -1.081326748017824
158 157 -1.081326748017824
273 277 -1.621353093558846
277 273 -1.621353093558846
274 277 -2.7303397905202473
277 274 -2.7303397905202473
285 286 -2.488626505987739
286 285 -2.488626505987739
15 294 -1.4629903282008372
294 15 -1.4629903282008372
54 57 -0.5461594805536991
57 54 -0.5461594805536991
56 57 -5.696114211252982
57 56 -5.696114211252982
249 254 -1.572662547732397
254 249 -1.572662547732397
252 254 -0.9377966637083233
254 252 -0.9377966637083233
253 254 -1.7055983556322123
254 253 -1.7055983556322123
197 200 -0.01
200 197 -0.01
198 200 -0.4078087376595756
200 198 -0.4078087376595756
230 243 -4.422503644624861
243 230 -4.422503644624861
208 210 -2.158423293280128
210 208 -2.158423293280128
209 210 -1.4610650862798071
210 209 -1.4610650862798071
137 140 -0.27757987369330406
140 137 -0.27757987369330406
139 140 -1.1417698381269077
140 139 -1.1417698381269077
256 262 -1.5554476153292984
262 256 -1.5554476153292984
105 107 -0.9744030928065001
107 105 -0.9744030928065001
106 107 -1.4577872574135078
107 106 -1.4577872574135078
261 262 -1.4335104234187046
262 261 -1.4335104234187046
78 86 -0.02
86 78 -0.02
146 154 -1.8804586228153453
154 146 -1.8804586228153453
147 154 -0.5061402610473646
154 147 -0.5061402610473646
83 86 -1.6303924616642504
86 83 -1.6303924616642504
85 86 -6.02575061504053
86 85 -6.02575061504053
153 154 -0.6289443136444125
154 153 -0.6289443136444125
46 58 -4.958561568212266
58 46 -4.958561568212266
242 246 -1.3192177697887288
246 242 -1.3192177697887288
54 58 -1.373954966670493
58 54 -1.373954966670493
245 246 -1.7326861873328587
246 245 -1.7326861873328587
57 58 -6.2617122630679525
58 57 -6.2617122630679525
162 285 -0.19462100446494615
285 162 -0.19462100446494615
34 35 -1.1890248893753654
35 34 -1.1890248893753654
123 125 -1.0857236493409803
125 123 -1.0857236493409803
124 125 -4.293379326816551
125 124 -4.293379326816551
166 167 -2.6825387141141643
167 166 -2.6825387141141643
181 184 -0.17961680443054642
184 181 -0.17961680443054642
224 229 -1.804039955505545
229 224 -1.804039955505545
227 229 -3.219868330095967
229 227 -3.219868330095967
187 190 -2.3320549124027825
190 187 -2.3320549124027825
201 285 -0.6421750004946791
285 201 -0.6421750004946791
50 59 -1.4925279911721803
59 50 -1.4925279911721803
183 184 -0.9899268610674923
184 183 -0.9899268610674923
203 220 -1.1626369925837732
220 203 -1.1626369925837732
267 270 -0.21643865560238867
270 267 -0.21643865560238867
205 220 -1.2760696803108529
220 205 -1.2760696803108529
57 59 -0.7661346876058848
59 57 -0.7661346876058848
58 59 -0.6969691025045435
59 58 -0.6969691025045435
78 87 -4.913338170864672
